{
 "cells": [
  {
   "cell_type": "code",
   "execution_count": 28,
   "id": "cd5ce41b",
   "metadata": {},
   "outputs": [],
   "source": [
    "import pandas as pd"
   ]
  },
  {
   "cell_type": "code",
   "execution_count": 29,
   "id": "28efbb7e",
   "metadata": {},
   "outputs": [],
   "source": [
    "feature1 = pd.read_csv(\"2014.csv\", encoding=\"EUC-KR\", index_col = 0)\n",
    "feature2 = pd.read_csv(\"2015.csv\", encoding=\"EUC-KR\", index_col = 0)\n",
    "feature3 = pd.read_csv(\"2016.csv\", encoding=\"EUC-KR\", index_col = 0)"
   ]
  },
  {
   "cell_type": "code",
   "execution_count": 30,
   "id": "58921d8e",
   "metadata": {},
   "outputs": [
    {
     "data": {
      "text/html": [
       "<div>\n",
       "<style scoped>\n",
       "    .dataframe tbody tr th:only-of-type {\n",
       "        vertical-align: middle;\n",
       "    }\n",
       "\n",
       "    .dataframe tbody tr th {\n",
       "        vertical-align: top;\n",
       "    }\n",
       "\n",
       "    .dataframe thead th {\n",
       "        text-align: right;\n",
       "    }\n",
       "</style>\n",
       "<table border=\"1\" class=\"dataframe\">\n",
       "  <thead>\n",
       "    <tr style=\"text-align: right;\">\n",
       "      <th></th>\n",
       "      <th>사고(건)</th>\n",
       "      <th>사망(명)</th>\n",
       "      <th>부상(명)</th>\n",
       "    </tr>\n",
       "    <tr>\n",
       "      <th>구분</th>\n",
       "      <th></th>\n",
       "      <th></th>\n",
       "      <th></th>\n",
       "    </tr>\n",
       "  </thead>\n",
       "  <tbody>\n",
       "    <tr>\n",
       "      <th>2014년1월</th>\n",
       "      <td>169</td>\n",
       "      <td>7</td>\n",
       "      <td>347</td>\n",
       "    </tr>\n",
       "    <tr>\n",
       "      <th>2014년2월</th>\n",
       "      <td>145</td>\n",
       "      <td>3</td>\n",
       "      <td>268</td>\n",
       "    </tr>\n",
       "    <tr>\n",
       "      <th>2014년3월</th>\n",
       "      <td>206</td>\n",
       "      <td>12</td>\n",
       "      <td>358</td>\n",
       "    </tr>\n",
       "    <tr>\n",
       "      <th>2014년4월</th>\n",
       "      <td>182</td>\n",
       "      <td>4</td>\n",
       "      <td>360</td>\n",
       "    </tr>\n",
       "    <tr>\n",
       "      <th>2014년5월</th>\n",
       "      <td>218</td>\n",
       "      <td>17</td>\n",
       "      <td>474</td>\n",
       "    </tr>\n",
       "    <tr>\n",
       "      <th>2014년6월</th>\n",
       "      <td>233</td>\n",
       "      <td>13</td>\n",
       "      <td>457</td>\n",
       "    </tr>\n",
       "    <tr>\n",
       "      <th>2014년7월</th>\n",
       "      <td>229</td>\n",
       "      <td>14</td>\n",
       "      <td>431</td>\n",
       "    </tr>\n",
       "    <tr>\n",
       "      <th>2014년8월</th>\n",
       "      <td>222</td>\n",
       "      <td>9</td>\n",
       "      <td>447</td>\n",
       "    </tr>\n",
       "    <tr>\n",
       "      <th>2014년9월</th>\n",
       "      <td>225</td>\n",
       "      <td>15</td>\n",
       "      <td>430</td>\n",
       "    </tr>\n",
       "    <tr>\n",
       "      <th>2014년10월</th>\n",
       "      <td>210</td>\n",
       "      <td>14</td>\n",
       "      <td>392</td>\n",
       "    </tr>\n",
       "    <tr>\n",
       "      <th>2014년11월</th>\n",
       "      <td>209</td>\n",
       "      <td>10</td>\n",
       "      <td>386</td>\n",
       "    </tr>\n",
       "    <tr>\n",
       "      <th>2014년12월</th>\n",
       "      <td>178</td>\n",
       "      <td>12</td>\n",
       "      <td>329</td>\n",
       "    </tr>\n",
       "  </tbody>\n",
       "</table>\n",
       "</div>"
      ],
      "text/plain": [
       "          사고(건)  사망(명)  부상(명)\n",
       "구분                           \n",
       "2014년1월     169      7    347\n",
       "2014년2월     145      3    268\n",
       "2014년3월     206     12    358\n",
       "2014년4월     182      4    360\n",
       "2014년5월     218     17    474\n",
       "2014년6월     233     13    457\n",
       "2014년7월     229     14    431\n",
       "2014년8월     222      9    447\n",
       "2014년9월     225     15    430\n",
       "2014년10월    210     14    392\n",
       "2014년11월    209     10    386\n",
       "2014년12월    178     12    329"
      ]
     },
     "execution_count": 30,
     "metadata": {},
     "output_type": "execute_result"
    }
   ],
   "source": [
    "feature1"
   ]
  },
  {
   "cell_type": "code",
   "execution_count": 31,
   "id": "b35f0c95",
   "metadata": {},
   "outputs": [],
   "source": [
    "feature=pd.concat([feature1, feature2, feature3])"
   ]
  },
  {
   "cell_type": "code",
   "execution_count": 32,
   "id": "f66ac1f6",
   "metadata": {},
   "outputs": [
    {
     "data": {
      "text/html": [
       "<div>\n",
       "<style scoped>\n",
       "    .dataframe tbody tr th:only-of-type {\n",
       "        vertical-align: middle;\n",
       "    }\n",
       "\n",
       "    .dataframe tbody tr th {\n",
       "        vertical-align: top;\n",
       "    }\n",
       "\n",
       "    .dataframe thead th {\n",
       "        text-align: right;\n",
       "    }\n",
       "</style>\n",
       "<table border=\"1\" class=\"dataframe\">\n",
       "  <thead>\n",
       "    <tr style=\"text-align: right;\">\n",
       "      <th></th>\n",
       "      <th>사고(건)</th>\n",
       "      <th>사망(명)</th>\n",
       "      <th>부상(명)</th>\n",
       "    </tr>\n",
       "    <tr>\n",
       "      <th>구분</th>\n",
       "      <th></th>\n",
       "      <th></th>\n",
       "      <th></th>\n",
       "    </tr>\n",
       "  </thead>\n",
       "  <tbody>\n",
       "    <tr>\n",
       "      <th>2014년1월</th>\n",
       "      <td>169</td>\n",
       "      <td>7</td>\n",
       "      <td>347</td>\n",
       "    </tr>\n",
       "    <tr>\n",
       "      <th>2014년2월</th>\n",
       "      <td>145</td>\n",
       "      <td>3</td>\n",
       "      <td>268</td>\n",
       "    </tr>\n",
       "    <tr>\n",
       "      <th>2014년3월</th>\n",
       "      <td>206</td>\n",
       "      <td>12</td>\n",
       "      <td>358</td>\n",
       "    </tr>\n",
       "    <tr>\n",
       "      <th>2014년4월</th>\n",
       "      <td>182</td>\n",
       "      <td>4</td>\n",
       "      <td>360</td>\n",
       "    </tr>\n",
       "    <tr>\n",
       "      <th>2014년5월</th>\n",
       "      <td>218</td>\n",
       "      <td>17</td>\n",
       "      <td>474</td>\n",
       "    </tr>\n",
       "    <tr>\n",
       "      <th>2014년6월</th>\n",
       "      <td>233</td>\n",
       "      <td>13</td>\n",
       "      <td>457</td>\n",
       "    </tr>\n",
       "    <tr>\n",
       "      <th>2014년7월</th>\n",
       "      <td>229</td>\n",
       "      <td>14</td>\n",
       "      <td>431</td>\n",
       "    </tr>\n",
       "    <tr>\n",
       "      <th>2014년8월</th>\n",
       "      <td>222</td>\n",
       "      <td>9</td>\n",
       "      <td>447</td>\n",
       "    </tr>\n",
       "    <tr>\n",
       "      <th>2014년9월</th>\n",
       "      <td>225</td>\n",
       "      <td>15</td>\n",
       "      <td>430</td>\n",
       "    </tr>\n",
       "    <tr>\n",
       "      <th>2014년10월</th>\n",
       "      <td>210</td>\n",
       "      <td>14</td>\n",
       "      <td>392</td>\n",
       "    </tr>\n",
       "    <tr>\n",
       "      <th>2014년11월</th>\n",
       "      <td>209</td>\n",
       "      <td>10</td>\n",
       "      <td>386</td>\n",
       "    </tr>\n",
       "    <tr>\n",
       "      <th>2014년12월</th>\n",
       "      <td>178</td>\n",
       "      <td>12</td>\n",
       "      <td>329</td>\n",
       "    </tr>\n",
       "    <tr>\n",
       "      <th>2015년1월</th>\n",
       "      <td>205</td>\n",
       "      <td>8</td>\n",
       "      <td>375</td>\n",
       "    </tr>\n",
       "    <tr>\n",
       "      <th>2015년2월</th>\n",
       "      <td>175</td>\n",
       "      <td>8</td>\n",
       "      <td>375</td>\n",
       "    </tr>\n",
       "    <tr>\n",
       "      <th>2015년3월</th>\n",
       "      <td>237</td>\n",
       "      <td>4</td>\n",
       "      <td>492</td>\n",
       "    </tr>\n",
       "    <tr>\n",
       "      <th>2015년4월</th>\n",
       "      <td>227</td>\n",
       "      <td>10</td>\n",
       "      <td>486</td>\n",
       "    </tr>\n",
       "    <tr>\n",
       "      <th>2015년5월</th>\n",
       "      <td>231</td>\n",
       "      <td>9</td>\n",
       "      <td>504</td>\n",
       "    </tr>\n",
       "    <tr>\n",
       "      <th>2015년6월</th>\n",
       "      <td>207</td>\n",
       "      <td>8</td>\n",
       "      <td>401</td>\n",
       "    </tr>\n",
       "    <tr>\n",
       "      <th>2015년7월</th>\n",
       "      <td>273</td>\n",
       "      <td>7</td>\n",
       "      <td>556</td>\n",
       "    </tr>\n",
       "    <tr>\n",
       "      <th>2015년8월</th>\n",
       "      <td>268</td>\n",
       "      <td>19</td>\n",
       "      <td>534</td>\n",
       "    </tr>\n",
       "    <tr>\n",
       "      <th>2015년9월</th>\n",
       "      <td>252</td>\n",
       "      <td>10</td>\n",
       "      <td>501</td>\n",
       "    </tr>\n",
       "    <tr>\n",
       "      <th>2015년10월</th>\n",
       "      <td>214</td>\n",
       "      <td>14</td>\n",
       "      <td>475</td>\n",
       "    </tr>\n",
       "    <tr>\n",
       "      <th>2015년11월</th>\n",
       "      <td>199</td>\n",
       "      <td>3</td>\n",
       "      <td>398</td>\n",
       "    </tr>\n",
       "    <tr>\n",
       "      <th>2015년12월</th>\n",
       "      <td>213</td>\n",
       "      <td>8</td>\n",
       "      <td>428</td>\n",
       "    </tr>\n",
       "    <tr>\n",
       "      <th>2016년1월</th>\n",
       "      <td>192</td>\n",
       "      <td>5</td>\n",
       "      <td>387</td>\n",
       "    </tr>\n",
       "    <tr>\n",
       "      <th>2016년2월</th>\n",
       "      <td>174</td>\n",
       "      <td>6</td>\n",
       "      <td>328</td>\n",
       "    </tr>\n",
       "    <tr>\n",
       "      <th>2016년3월</th>\n",
       "      <td>217</td>\n",
       "      <td>7</td>\n",
       "      <td>435</td>\n",
       "    </tr>\n",
       "    <tr>\n",
       "      <th>2016년4월</th>\n",
       "      <td>216</td>\n",
       "      <td>7</td>\n",
       "      <td>419</td>\n",
       "    </tr>\n",
       "    <tr>\n",
       "      <th>2016년5월</th>\n",
       "      <td>239</td>\n",
       "      <td>13</td>\n",
       "      <td>522</td>\n",
       "    </tr>\n",
       "    <tr>\n",
       "      <th>2016년6월</th>\n",
       "      <td>200</td>\n",
       "      <td>12</td>\n",
       "      <td>362</td>\n",
       "    </tr>\n",
       "    <tr>\n",
       "      <th>2016년7월</th>\n",
       "      <td>227</td>\n",
       "      <td>9</td>\n",
       "      <td>460</td>\n",
       "    </tr>\n",
       "    <tr>\n",
       "      <th>2016년8월</th>\n",
       "      <td>230</td>\n",
       "      <td>7</td>\n",
       "      <td>490</td>\n",
       "    </tr>\n",
       "    <tr>\n",
       "      <th>2016년9월</th>\n",
       "      <td>187</td>\n",
       "      <td>13</td>\n",
       "      <td>347</td>\n",
       "    </tr>\n",
       "    <tr>\n",
       "      <th>2016년10월</th>\n",
       "      <td>183</td>\n",
       "      <td>10</td>\n",
       "      <td>367</td>\n",
       "    </tr>\n",
       "    <tr>\n",
       "      <th>2016년11월</th>\n",
       "      <td>200</td>\n",
       "      <td>5</td>\n",
       "      <td>418</td>\n",
       "    </tr>\n",
       "    <tr>\n",
       "      <th>2016년12월</th>\n",
       "      <td>168</td>\n",
       "      <td>4</td>\n",
       "      <td>364</td>\n",
       "    </tr>\n",
       "  </tbody>\n",
       "</table>\n",
       "</div>"
      ],
      "text/plain": [
       "          사고(건)  사망(명)  부상(명)\n",
       "구분                           \n",
       "2014년1월     169      7    347\n",
       "2014년2월     145      3    268\n",
       "2014년3월     206     12    358\n",
       "2014년4월     182      4    360\n",
       "2014년5월     218     17    474\n",
       "2014년6월     233     13    457\n",
       "2014년7월     229     14    431\n",
       "2014년8월     222      9    447\n",
       "2014년9월     225     15    430\n",
       "2014년10월    210     14    392\n",
       "2014년11월    209     10    386\n",
       "2014년12월    178     12    329\n",
       "2015년1월     205      8    375\n",
       "2015년2월     175      8    375\n",
       "2015년3월     237      4    492\n",
       "2015년4월     227     10    486\n",
       "2015년5월     231      9    504\n",
       "2015년6월     207      8    401\n",
       "2015년7월     273      7    556\n",
       "2015년8월     268     19    534\n",
       "2015년9월     252     10    501\n",
       "2015년10월    214     14    475\n",
       "2015년11월    199      3    398\n",
       "2015년12월    213      8    428\n",
       "2016년1월     192      5    387\n",
       "2016년2월     174      6    328\n",
       "2016년3월     217      7    435\n",
       "2016년4월     216      7    419\n",
       "2016년5월     239     13    522\n",
       "2016년6월     200     12    362\n",
       "2016년7월     227      9    460\n",
       "2016년8월     230      7    490\n",
       "2016년9월     187     13    347\n",
       "2016년10월    183     10    367\n",
       "2016년11월    200      5    418\n",
       "2016년12월    168      4    364"
      ]
     },
     "execution_count": 32,
     "metadata": {},
     "output_type": "execute_result"
    }
   ],
   "source": [
    "feature"
   ]
  },
  {
   "cell_type": "code",
   "execution_count": 33,
   "id": "72b8cfb0",
   "metadata": {},
   "outputs": [
    {
     "data": {
      "text/html": [
       "<div>\n",
       "<style scoped>\n",
       "    .dataframe tbody tr th:only-of-type {\n",
       "        vertical-align: middle;\n",
       "    }\n",
       "\n",
       "    .dataframe tbody tr th {\n",
       "        vertical-align: top;\n",
       "    }\n",
       "\n",
       "    .dataframe thead th {\n",
       "        text-align: right;\n",
       "    }\n",
       "</style>\n",
       "<table border=\"1\" class=\"dataframe\">\n",
       "  <thead>\n",
       "    <tr style=\"text-align: right;\">\n",
       "      <th></th>\n",
       "      <th>사고(건)</th>\n",
       "      <th>사망(명)</th>\n",
       "      <th>부상(명)</th>\n",
       "    </tr>\n",
       "    <tr>\n",
       "      <th>구분</th>\n",
       "      <th></th>\n",
       "      <th></th>\n",
       "      <th></th>\n",
       "    </tr>\n",
       "  </thead>\n",
       "  <tbody>\n",
       "    <tr>\n",
       "      <th>2015년8월</th>\n",
       "      <td>268</td>\n",
       "      <td>19</td>\n",
       "      <td>534</td>\n",
       "    </tr>\n",
       "    <tr>\n",
       "      <th>2014년5월</th>\n",
       "      <td>218</td>\n",
       "      <td>17</td>\n",
       "      <td>474</td>\n",
       "    </tr>\n",
       "    <tr>\n",
       "      <th>2014년9월</th>\n",
       "      <td>225</td>\n",
       "      <td>15</td>\n",
       "      <td>430</td>\n",
       "    </tr>\n",
       "    <tr>\n",
       "      <th>2015년10월</th>\n",
       "      <td>214</td>\n",
       "      <td>14</td>\n",
       "      <td>475</td>\n",
       "    </tr>\n",
       "    <tr>\n",
       "      <th>2014년10월</th>\n",
       "      <td>210</td>\n",
       "      <td>14</td>\n",
       "      <td>392</td>\n",
       "    </tr>\n",
       "    <tr>\n",
       "      <th>2014년7월</th>\n",
       "      <td>229</td>\n",
       "      <td>14</td>\n",
       "      <td>431</td>\n",
       "    </tr>\n",
       "    <tr>\n",
       "      <th>2016년9월</th>\n",
       "      <td>187</td>\n",
       "      <td>13</td>\n",
       "      <td>347</td>\n",
       "    </tr>\n",
       "    <tr>\n",
       "      <th>2016년5월</th>\n",
       "      <td>239</td>\n",
       "      <td>13</td>\n",
       "      <td>522</td>\n",
       "    </tr>\n",
       "    <tr>\n",
       "      <th>2014년6월</th>\n",
       "      <td>233</td>\n",
       "      <td>13</td>\n",
       "      <td>457</td>\n",
       "    </tr>\n",
       "    <tr>\n",
       "      <th>2014년12월</th>\n",
       "      <td>178</td>\n",
       "      <td>12</td>\n",
       "      <td>329</td>\n",
       "    </tr>\n",
       "    <tr>\n",
       "      <th>2016년6월</th>\n",
       "      <td>200</td>\n",
       "      <td>12</td>\n",
       "      <td>362</td>\n",
       "    </tr>\n",
       "    <tr>\n",
       "      <th>2014년3월</th>\n",
       "      <td>206</td>\n",
       "      <td>12</td>\n",
       "      <td>358</td>\n",
       "    </tr>\n",
       "    <tr>\n",
       "      <th>2015년9월</th>\n",
       "      <td>252</td>\n",
       "      <td>10</td>\n",
       "      <td>501</td>\n",
       "    </tr>\n",
       "    <tr>\n",
       "      <th>2016년10월</th>\n",
       "      <td>183</td>\n",
       "      <td>10</td>\n",
       "      <td>367</td>\n",
       "    </tr>\n",
       "    <tr>\n",
       "      <th>2015년4월</th>\n",
       "      <td>227</td>\n",
       "      <td>10</td>\n",
       "      <td>486</td>\n",
       "    </tr>\n",
       "    <tr>\n",
       "      <th>2014년11월</th>\n",
       "      <td>209</td>\n",
       "      <td>10</td>\n",
       "      <td>386</td>\n",
       "    </tr>\n",
       "    <tr>\n",
       "      <th>2014년8월</th>\n",
       "      <td>222</td>\n",
       "      <td>9</td>\n",
       "      <td>447</td>\n",
       "    </tr>\n",
       "    <tr>\n",
       "      <th>2015년5월</th>\n",
       "      <td>231</td>\n",
       "      <td>9</td>\n",
       "      <td>504</td>\n",
       "    </tr>\n",
       "    <tr>\n",
       "      <th>2016년7월</th>\n",
       "      <td>227</td>\n",
       "      <td>9</td>\n",
       "      <td>460</td>\n",
       "    </tr>\n",
       "    <tr>\n",
       "      <th>2015년12월</th>\n",
       "      <td>213</td>\n",
       "      <td>8</td>\n",
       "      <td>428</td>\n",
       "    </tr>\n",
       "    <tr>\n",
       "      <th>2015년2월</th>\n",
       "      <td>175</td>\n",
       "      <td>8</td>\n",
       "      <td>375</td>\n",
       "    </tr>\n",
       "    <tr>\n",
       "      <th>2015년6월</th>\n",
       "      <td>207</td>\n",
       "      <td>8</td>\n",
       "      <td>401</td>\n",
       "    </tr>\n",
       "    <tr>\n",
       "      <th>2015년1월</th>\n",
       "      <td>205</td>\n",
       "      <td>8</td>\n",
       "      <td>375</td>\n",
       "    </tr>\n",
       "    <tr>\n",
       "      <th>2016년8월</th>\n",
       "      <td>230</td>\n",
       "      <td>7</td>\n",
       "      <td>490</td>\n",
       "    </tr>\n",
       "    <tr>\n",
       "      <th>2016년4월</th>\n",
       "      <td>216</td>\n",
       "      <td>7</td>\n",
       "      <td>419</td>\n",
       "    </tr>\n",
       "    <tr>\n",
       "      <th>2014년1월</th>\n",
       "      <td>169</td>\n",
       "      <td>7</td>\n",
       "      <td>347</td>\n",
       "    </tr>\n",
       "    <tr>\n",
       "      <th>2015년7월</th>\n",
       "      <td>273</td>\n",
       "      <td>7</td>\n",
       "      <td>556</td>\n",
       "    </tr>\n",
       "    <tr>\n",
       "      <th>2016년3월</th>\n",
       "      <td>217</td>\n",
       "      <td>7</td>\n",
       "      <td>435</td>\n",
       "    </tr>\n",
       "    <tr>\n",
       "      <th>2016년2월</th>\n",
       "      <td>174</td>\n",
       "      <td>6</td>\n",
       "      <td>328</td>\n",
       "    </tr>\n",
       "    <tr>\n",
       "      <th>2016년1월</th>\n",
       "      <td>192</td>\n",
       "      <td>5</td>\n",
       "      <td>387</td>\n",
       "    </tr>\n",
       "    <tr>\n",
       "      <th>2016년11월</th>\n",
       "      <td>200</td>\n",
       "      <td>5</td>\n",
       "      <td>418</td>\n",
       "    </tr>\n",
       "    <tr>\n",
       "      <th>2015년3월</th>\n",
       "      <td>237</td>\n",
       "      <td>4</td>\n",
       "      <td>492</td>\n",
       "    </tr>\n",
       "    <tr>\n",
       "      <th>2014년4월</th>\n",
       "      <td>182</td>\n",
       "      <td>4</td>\n",
       "      <td>360</td>\n",
       "    </tr>\n",
       "    <tr>\n",
       "      <th>2016년12월</th>\n",
       "      <td>168</td>\n",
       "      <td>4</td>\n",
       "      <td>364</td>\n",
       "    </tr>\n",
       "    <tr>\n",
       "      <th>2015년11월</th>\n",
       "      <td>199</td>\n",
       "      <td>3</td>\n",
       "      <td>398</td>\n",
       "    </tr>\n",
       "    <tr>\n",
       "      <th>2014년2월</th>\n",
       "      <td>145</td>\n",
       "      <td>3</td>\n",
       "      <td>268</td>\n",
       "    </tr>\n",
       "  </tbody>\n",
       "</table>\n",
       "</div>"
      ],
      "text/plain": [
       "          사고(건)  사망(명)  부상(명)\n",
       "구분                           \n",
       "2015년8월     268     19    534\n",
       "2014년5월     218     17    474\n",
       "2014년9월     225     15    430\n",
       "2015년10월    214     14    475\n",
       "2014년10월    210     14    392\n",
       "2014년7월     229     14    431\n",
       "2016년9월     187     13    347\n",
       "2016년5월     239     13    522\n",
       "2014년6월     233     13    457\n",
       "2014년12월    178     12    329\n",
       "2016년6월     200     12    362\n",
       "2014년3월     206     12    358\n",
       "2015년9월     252     10    501\n",
       "2016년10월    183     10    367\n",
       "2015년4월     227     10    486\n",
       "2014년11월    209     10    386\n",
       "2014년8월     222      9    447\n",
       "2015년5월     231      9    504\n",
       "2016년7월     227      9    460\n",
       "2015년12월    213      8    428\n",
       "2015년2월     175      8    375\n",
       "2015년6월     207      8    401\n",
       "2015년1월     205      8    375\n",
       "2016년8월     230      7    490\n",
       "2016년4월     216      7    419\n",
       "2014년1월     169      7    347\n",
       "2015년7월     273      7    556\n",
       "2016년3월     217      7    435\n",
       "2016년2월     174      6    328\n",
       "2016년1월     192      5    387\n",
       "2016년11월    200      5    418\n",
       "2015년3월     237      4    492\n",
       "2014년4월     182      4    360\n",
       "2016년12월    168      4    364\n",
       "2015년11월    199      3    398\n",
       "2014년2월     145      3    268"
      ]
     },
     "execution_count": 33,
     "metadata": {},
     "output_type": "execute_result"
    }
   ],
   "source": [
    "feature.sort_values('사망(명)',ascending=False)"
   ]
  },
  {
   "cell_type": "code",
   "execution_count": 34,
   "id": "32563730",
   "metadata": {},
   "outputs": [],
   "source": [
    "feature_d=feature.loc[feature['사망(명)']>10]"
   ]
  },
  {
   "cell_type": "code",
   "execution_count": 35,
   "id": "f7fd5325",
   "metadata": {},
   "outputs": [
    {
     "data": {
      "text/html": [
       "<div>\n",
       "<style scoped>\n",
       "    .dataframe tbody tr th:only-of-type {\n",
       "        vertical-align: middle;\n",
       "    }\n",
       "\n",
       "    .dataframe tbody tr th {\n",
       "        vertical-align: top;\n",
       "    }\n",
       "\n",
       "    .dataframe thead th {\n",
       "        text-align: right;\n",
       "    }\n",
       "</style>\n",
       "<table border=\"1\" class=\"dataframe\">\n",
       "  <thead>\n",
       "    <tr style=\"text-align: right;\">\n",
       "      <th></th>\n",
       "      <th>사고(건)</th>\n",
       "      <th>사망(명)</th>\n",
       "      <th>부상(명)</th>\n",
       "    </tr>\n",
       "    <tr>\n",
       "      <th>구분</th>\n",
       "      <th></th>\n",
       "      <th></th>\n",
       "      <th></th>\n",
       "    </tr>\n",
       "  </thead>\n",
       "  <tbody>\n",
       "    <tr>\n",
       "      <th>2014년3월</th>\n",
       "      <td>206</td>\n",
       "      <td>12</td>\n",
       "      <td>358</td>\n",
       "    </tr>\n",
       "    <tr>\n",
       "      <th>2014년5월</th>\n",
       "      <td>218</td>\n",
       "      <td>17</td>\n",
       "      <td>474</td>\n",
       "    </tr>\n",
       "    <tr>\n",
       "      <th>2014년6월</th>\n",
       "      <td>233</td>\n",
       "      <td>13</td>\n",
       "      <td>457</td>\n",
       "    </tr>\n",
       "    <tr>\n",
       "      <th>2014년7월</th>\n",
       "      <td>229</td>\n",
       "      <td>14</td>\n",
       "      <td>431</td>\n",
       "    </tr>\n",
       "    <tr>\n",
       "      <th>2014년9월</th>\n",
       "      <td>225</td>\n",
       "      <td>15</td>\n",
       "      <td>430</td>\n",
       "    </tr>\n",
       "    <tr>\n",
       "      <th>2014년10월</th>\n",
       "      <td>210</td>\n",
       "      <td>14</td>\n",
       "      <td>392</td>\n",
       "    </tr>\n",
       "    <tr>\n",
       "      <th>2014년12월</th>\n",
       "      <td>178</td>\n",
       "      <td>12</td>\n",
       "      <td>329</td>\n",
       "    </tr>\n",
       "    <tr>\n",
       "      <th>2015년8월</th>\n",
       "      <td>268</td>\n",
       "      <td>19</td>\n",
       "      <td>534</td>\n",
       "    </tr>\n",
       "    <tr>\n",
       "      <th>2015년10월</th>\n",
       "      <td>214</td>\n",
       "      <td>14</td>\n",
       "      <td>475</td>\n",
       "    </tr>\n",
       "    <tr>\n",
       "      <th>2016년5월</th>\n",
       "      <td>239</td>\n",
       "      <td>13</td>\n",
       "      <td>522</td>\n",
       "    </tr>\n",
       "    <tr>\n",
       "      <th>2016년6월</th>\n",
       "      <td>200</td>\n",
       "      <td>12</td>\n",
       "      <td>362</td>\n",
       "    </tr>\n",
       "    <tr>\n",
       "      <th>2016년9월</th>\n",
       "      <td>187</td>\n",
       "      <td>13</td>\n",
       "      <td>347</td>\n",
       "    </tr>\n",
       "  </tbody>\n",
       "</table>\n",
       "</div>"
      ],
      "text/plain": [
       "          사고(건)  사망(명)  부상(명)\n",
       "구분                           \n",
       "2014년3월     206     12    358\n",
       "2014년5월     218     17    474\n",
       "2014년6월     233     13    457\n",
       "2014년7월     229     14    431\n",
       "2014년9월     225     15    430\n",
       "2014년10월    210     14    392\n",
       "2014년12월    178     12    329\n",
       "2015년8월     268     19    534\n",
       "2015년10월    214     14    475\n",
       "2016년5월     239     13    522\n",
       "2016년6월     200     12    362\n",
       "2016년9월     187     13    347"
      ]
     },
     "execution_count": 35,
     "metadata": {},
     "output_type": "execute_result"
    }
   ],
   "source": [
    "feature_d"
   ]
  },
  {
   "cell_type": "code",
   "execution_count": 36,
   "id": "27671f91",
   "metadata": {},
   "outputs": [],
   "source": [
    "feature.reset_index(inplace=True)\n"
   ]
  },
  {
   "cell_type": "code",
   "execution_count": 37,
   "id": "1b2d5848",
   "metadata": {},
   "outputs": [
    {
     "data": {
      "text/html": [
       "<div>\n",
       "<style scoped>\n",
       "    .dataframe tbody tr th:only-of-type {\n",
       "        vertical-align: middle;\n",
       "    }\n",
       "\n",
       "    .dataframe tbody tr th {\n",
       "        vertical-align: top;\n",
       "    }\n",
       "\n",
       "    .dataframe thead th {\n",
       "        text-align: right;\n",
       "    }\n",
       "</style>\n",
       "<table border=\"1\" class=\"dataframe\">\n",
       "  <thead>\n",
       "    <tr style=\"text-align: right;\">\n",
       "      <th></th>\n",
       "      <th>구분</th>\n",
       "      <th>사고(건)</th>\n",
       "      <th>사망(명)</th>\n",
       "      <th>부상(명)</th>\n",
       "    </tr>\n",
       "  </thead>\n",
       "  <tbody>\n",
       "    <tr>\n",
       "      <th>0</th>\n",
       "      <td>2014년1월</td>\n",
       "      <td>169</td>\n",
       "      <td>7</td>\n",
       "      <td>347</td>\n",
       "    </tr>\n",
       "    <tr>\n",
       "      <th>1</th>\n",
       "      <td>2014년2월</td>\n",
       "      <td>145</td>\n",
       "      <td>3</td>\n",
       "      <td>268</td>\n",
       "    </tr>\n",
       "    <tr>\n",
       "      <th>2</th>\n",
       "      <td>2014년3월</td>\n",
       "      <td>206</td>\n",
       "      <td>12</td>\n",
       "      <td>358</td>\n",
       "    </tr>\n",
       "    <tr>\n",
       "      <th>3</th>\n",
       "      <td>2014년4월</td>\n",
       "      <td>182</td>\n",
       "      <td>4</td>\n",
       "      <td>360</td>\n",
       "    </tr>\n",
       "    <tr>\n",
       "      <th>4</th>\n",
       "      <td>2014년5월</td>\n",
       "      <td>218</td>\n",
       "      <td>17</td>\n",
       "      <td>474</td>\n",
       "    </tr>\n",
       "    <tr>\n",
       "      <th>5</th>\n",
       "      <td>2014년6월</td>\n",
       "      <td>233</td>\n",
       "      <td>13</td>\n",
       "      <td>457</td>\n",
       "    </tr>\n",
       "    <tr>\n",
       "      <th>6</th>\n",
       "      <td>2014년7월</td>\n",
       "      <td>229</td>\n",
       "      <td>14</td>\n",
       "      <td>431</td>\n",
       "    </tr>\n",
       "    <tr>\n",
       "      <th>7</th>\n",
       "      <td>2014년8월</td>\n",
       "      <td>222</td>\n",
       "      <td>9</td>\n",
       "      <td>447</td>\n",
       "    </tr>\n",
       "    <tr>\n",
       "      <th>8</th>\n",
       "      <td>2014년9월</td>\n",
       "      <td>225</td>\n",
       "      <td>15</td>\n",
       "      <td>430</td>\n",
       "    </tr>\n",
       "    <tr>\n",
       "      <th>9</th>\n",
       "      <td>2014년10월</td>\n",
       "      <td>210</td>\n",
       "      <td>14</td>\n",
       "      <td>392</td>\n",
       "    </tr>\n",
       "    <tr>\n",
       "      <th>10</th>\n",
       "      <td>2014년11월</td>\n",
       "      <td>209</td>\n",
       "      <td>10</td>\n",
       "      <td>386</td>\n",
       "    </tr>\n",
       "    <tr>\n",
       "      <th>11</th>\n",
       "      <td>2014년12월</td>\n",
       "      <td>178</td>\n",
       "      <td>12</td>\n",
       "      <td>329</td>\n",
       "    </tr>\n",
       "    <tr>\n",
       "      <th>12</th>\n",
       "      <td>2015년1월</td>\n",
       "      <td>205</td>\n",
       "      <td>8</td>\n",
       "      <td>375</td>\n",
       "    </tr>\n",
       "    <tr>\n",
       "      <th>13</th>\n",
       "      <td>2015년2월</td>\n",
       "      <td>175</td>\n",
       "      <td>8</td>\n",
       "      <td>375</td>\n",
       "    </tr>\n",
       "    <tr>\n",
       "      <th>14</th>\n",
       "      <td>2015년3월</td>\n",
       "      <td>237</td>\n",
       "      <td>4</td>\n",
       "      <td>492</td>\n",
       "    </tr>\n",
       "    <tr>\n",
       "      <th>15</th>\n",
       "      <td>2015년4월</td>\n",
       "      <td>227</td>\n",
       "      <td>10</td>\n",
       "      <td>486</td>\n",
       "    </tr>\n",
       "    <tr>\n",
       "      <th>16</th>\n",
       "      <td>2015년5월</td>\n",
       "      <td>231</td>\n",
       "      <td>9</td>\n",
       "      <td>504</td>\n",
       "    </tr>\n",
       "    <tr>\n",
       "      <th>17</th>\n",
       "      <td>2015년6월</td>\n",
       "      <td>207</td>\n",
       "      <td>8</td>\n",
       "      <td>401</td>\n",
       "    </tr>\n",
       "    <tr>\n",
       "      <th>18</th>\n",
       "      <td>2015년7월</td>\n",
       "      <td>273</td>\n",
       "      <td>7</td>\n",
       "      <td>556</td>\n",
       "    </tr>\n",
       "    <tr>\n",
       "      <th>19</th>\n",
       "      <td>2015년8월</td>\n",
       "      <td>268</td>\n",
       "      <td>19</td>\n",
       "      <td>534</td>\n",
       "    </tr>\n",
       "    <tr>\n",
       "      <th>20</th>\n",
       "      <td>2015년9월</td>\n",
       "      <td>252</td>\n",
       "      <td>10</td>\n",
       "      <td>501</td>\n",
       "    </tr>\n",
       "    <tr>\n",
       "      <th>21</th>\n",
       "      <td>2015년10월</td>\n",
       "      <td>214</td>\n",
       "      <td>14</td>\n",
       "      <td>475</td>\n",
       "    </tr>\n",
       "    <tr>\n",
       "      <th>22</th>\n",
       "      <td>2015년11월</td>\n",
       "      <td>199</td>\n",
       "      <td>3</td>\n",
       "      <td>398</td>\n",
       "    </tr>\n",
       "    <tr>\n",
       "      <th>23</th>\n",
       "      <td>2015년12월</td>\n",
       "      <td>213</td>\n",
       "      <td>8</td>\n",
       "      <td>428</td>\n",
       "    </tr>\n",
       "    <tr>\n",
       "      <th>24</th>\n",
       "      <td>2016년1월</td>\n",
       "      <td>192</td>\n",
       "      <td>5</td>\n",
       "      <td>387</td>\n",
       "    </tr>\n",
       "    <tr>\n",
       "      <th>25</th>\n",
       "      <td>2016년2월</td>\n",
       "      <td>174</td>\n",
       "      <td>6</td>\n",
       "      <td>328</td>\n",
       "    </tr>\n",
       "    <tr>\n",
       "      <th>26</th>\n",
       "      <td>2016년3월</td>\n",
       "      <td>217</td>\n",
       "      <td>7</td>\n",
       "      <td>435</td>\n",
       "    </tr>\n",
       "    <tr>\n",
       "      <th>27</th>\n",
       "      <td>2016년4월</td>\n",
       "      <td>216</td>\n",
       "      <td>7</td>\n",
       "      <td>419</td>\n",
       "    </tr>\n",
       "    <tr>\n",
       "      <th>28</th>\n",
       "      <td>2016년5월</td>\n",
       "      <td>239</td>\n",
       "      <td>13</td>\n",
       "      <td>522</td>\n",
       "    </tr>\n",
       "    <tr>\n",
       "      <th>29</th>\n",
       "      <td>2016년6월</td>\n",
       "      <td>200</td>\n",
       "      <td>12</td>\n",
       "      <td>362</td>\n",
       "    </tr>\n",
       "    <tr>\n",
       "      <th>30</th>\n",
       "      <td>2016년7월</td>\n",
       "      <td>227</td>\n",
       "      <td>9</td>\n",
       "      <td>460</td>\n",
       "    </tr>\n",
       "    <tr>\n",
       "      <th>31</th>\n",
       "      <td>2016년8월</td>\n",
       "      <td>230</td>\n",
       "      <td>7</td>\n",
       "      <td>490</td>\n",
       "    </tr>\n",
       "    <tr>\n",
       "      <th>32</th>\n",
       "      <td>2016년9월</td>\n",
       "      <td>187</td>\n",
       "      <td>13</td>\n",
       "      <td>347</td>\n",
       "    </tr>\n",
       "    <tr>\n",
       "      <th>33</th>\n",
       "      <td>2016년10월</td>\n",
       "      <td>183</td>\n",
       "      <td>10</td>\n",
       "      <td>367</td>\n",
       "    </tr>\n",
       "    <tr>\n",
       "      <th>34</th>\n",
       "      <td>2016년11월</td>\n",
       "      <td>200</td>\n",
       "      <td>5</td>\n",
       "      <td>418</td>\n",
       "    </tr>\n",
       "    <tr>\n",
       "      <th>35</th>\n",
       "      <td>2016년12월</td>\n",
       "      <td>168</td>\n",
       "      <td>4</td>\n",
       "      <td>364</td>\n",
       "    </tr>\n",
       "  </tbody>\n",
       "</table>\n",
       "</div>"
      ],
      "text/plain": [
       "          구분  사고(건)  사망(명)  부상(명)\n",
       "0    2014년1월    169      7    347\n",
       "1    2014년2월    145      3    268\n",
       "2    2014년3월    206     12    358\n",
       "3    2014년4월    182      4    360\n",
       "4    2014년5월    218     17    474\n",
       "5    2014년6월    233     13    457\n",
       "6    2014년7월    229     14    431\n",
       "7    2014년8월    222      9    447\n",
       "8    2014년9월    225     15    430\n",
       "9   2014년10월    210     14    392\n",
       "10  2014년11월    209     10    386\n",
       "11  2014년12월    178     12    329\n",
       "12   2015년1월    205      8    375\n",
       "13   2015년2월    175      8    375\n",
       "14   2015년3월    237      4    492\n",
       "15   2015년4월    227     10    486\n",
       "16   2015년5월    231      9    504\n",
       "17   2015년6월    207      8    401\n",
       "18   2015년7월    273      7    556\n",
       "19   2015년8월    268     19    534\n",
       "20   2015년9월    252     10    501\n",
       "21  2015년10월    214     14    475\n",
       "22  2015년11월    199      3    398\n",
       "23  2015년12월    213      8    428\n",
       "24   2016년1월    192      5    387\n",
       "25   2016년2월    174      6    328\n",
       "26   2016년3월    217      7    435\n",
       "27   2016년4월    216      7    419\n",
       "28   2016년5월    239     13    522\n",
       "29   2016년6월    200     12    362\n",
       "30   2016년7월    227      9    460\n",
       "31   2016년8월    230      7    490\n",
       "32   2016년9월    187     13    347\n",
       "33  2016년10월    183     10    367\n",
       "34  2016년11월    200      5    418\n",
       "35  2016년12월    168      4    364"
      ]
     },
     "execution_count": 37,
     "metadata": {},
     "output_type": "execute_result"
    }
   ],
   "source": [
    "feature"
   ]
  },
  {
   "cell_type": "code",
   "execution_count": 38,
   "id": "db1e4f46",
   "metadata": {},
   "outputs": [
    {
     "data": {
      "text/plain": [
       "0     False\n",
       "1     False\n",
       "2     False\n",
       "3     False\n",
       "4     False\n",
       "5     False\n",
       "6     False\n",
       "7     False\n",
       "8     False\n",
       "9     False\n",
       "10    False\n",
       "11    False\n",
       "12    False\n",
       "13    False\n",
       "14    False\n",
       "15    False\n",
       "16    False\n",
       "17    False\n",
       "18    False\n",
       "19    False\n",
       "20    False\n",
       "21    False\n",
       "22    False\n",
       "23    False\n",
       "24    False\n",
       "25    False\n",
       "26    False\n",
       "27    False\n",
       "28    False\n",
       "29    False\n",
       "30    False\n",
       "31    False\n",
       "32     True\n",
       "33    False\n",
       "34    False\n",
       "35    False\n",
       "Name: 구분, dtype: bool"
      ]
     },
     "execution_count": 38,
     "metadata": {},
     "output_type": "execute_result"
    }
   ],
   "source": [
    "feature['구분']=='2016년9월'"
   ]
  },
  {
   "cell_type": "code",
   "execution_count": 39,
   "id": "d801d7e7",
   "metadata": {},
   "outputs": [
    {
     "data": {
      "text/html": [
       "<div>\n",
       "<style scoped>\n",
       "    .dataframe tbody tr th:only-of-type {\n",
       "        vertical-align: middle;\n",
       "    }\n",
       "\n",
       "    .dataframe tbody tr th {\n",
       "        vertical-align: top;\n",
       "    }\n",
       "\n",
       "    .dataframe thead th {\n",
       "        text-align: right;\n",
       "    }\n",
       "</style>\n",
       "<table border=\"1\" class=\"dataframe\">\n",
       "  <thead>\n",
       "    <tr style=\"text-align: right;\">\n",
       "      <th></th>\n",
       "      <th>구분</th>\n",
       "      <th>사고(건)</th>\n",
       "      <th>사망(명)</th>\n",
       "      <th>부상(명)</th>\n",
       "    </tr>\n",
       "  </thead>\n",
       "  <tbody>\n",
       "    <tr>\n",
       "      <th>32</th>\n",
       "      <td>2016년9월</td>\n",
       "      <td>187</td>\n",
       "      <td>13</td>\n",
       "      <td>347</td>\n",
       "    </tr>\n",
       "  </tbody>\n",
       "</table>\n",
       "</div>"
      ],
      "text/plain": [
       "         구분  사고(건)  사망(명)  부상(명)\n",
       "32  2016년9월    187     13    347"
      ]
     },
     "execution_count": 39,
     "metadata": {},
     "output_type": "execute_result"
    }
   ],
   "source": [
    "feature.loc[feature['구분']=='2016년9월']"
   ]
  },
  {
   "cell_type": "code",
   "execution_count": null,
   "id": "09349e26",
   "metadata": {},
   "outputs": [],
   "source": []
  }
 ],
 "metadata": {
  "kernelspec": {
   "display_name": "Python 3 (ipykernel)",
   "language": "python",
   "name": "python3"
  },
  "language_info": {
   "codemirror_mode": {
    "name": "ipython",
    "version": 3
   },
